1 1 1 0.60002 1
1 2 1 0.60002 1
1 3 1 0.60002 0
1 4 1 0.60002 0
1 5 1 0.60002 0
1 6 1 0.60002 1
1 7 1 0.60002 0
1 8 1 0.60002 0
1 9 1 0.60002 0
1 10 1 0.60002 0
1 11 1 0.60002 0
1 12 1 0.60002 1
1 13 1 0.60002 1
1 14 1 0.60002 0
1 15 1 0.60002 0
2 1 1 0.54929 1
2 2 1 0.54929 0
2 3 1 0.54929 1
2 4 1 0.54929 0
2 5 1 0.54929 0
2 6 1 0.54929 1
2 7 1 0.54929 0
2 8 1 0.54929 0
2 9 1 0.54929 1
2 10 1 0.54929 0
2 11 1 0.54929 1
2 12 1 0.54929 0
2 13 1 0.54929 1
2 14 1 0.54929 1
2 15 1 0.54929 0
2 16 1 0.54929 1
2 17 1 0.54929 0
2 18 1 0.54929 1
2 19 1 0.54929 1
2 20 1 0.54929 1
2 21 1 0.54929 0
2 22 1 0.54929 1
2 23 1 0.54929 1
2 24 1 0.54929 1
2 25 1 0.54929 1
2 26 1 0.54929 0
2 27 1 0.54929 0
2 28 1 0.54929 1
2 29 1 0.54929 1
3 1 1 0.50000 1
3 2 1 0.50000 1
3 3 1 0.50000 1
3 4 1 0.50000 1
3 5 1 0.50000 1
3 6 1 0.50000 1
3 7 1 0.50000 0
3 8 1 0.50000 1
3 9 1 0.50000 0
3 10 1 0.50000 1
3 11 1 0.50000 1
3 12 1 0.50000 1
3 13 1 0.50000 1
3 14 1 0.50000 1
3 15 1 0.50000 0
3 16 1 0.50000 1
3 17 1 0.50000 1
3 18 1 0.50000 1
3 19 1 0.50000 1
3 20 1 0.50000 0
3 21 1 0.50000 1
3 22 1 0.50000 0
3 23 1 0.50000 0
3 24 1 0.50000 1
3 25 1 0.50000 1
3 26 1 0.50000 0
4 1 1 0.58025 0
4 2 1 0.58025 1
4 3 1 0.58025 1
4 4 1 0.58025 0
4 5 1 0.58025 1
4 6 1 0.58025 0
4 7 1 0.58025 1
4 8 1 0.58025 0
4 9 1 0.58025 0
4 10 1 0.58025 0
4 11 1 0.58025 0
4 12 1 0.58025 0
4 13 1 0.58025 0
4 14 1 0.58025 1
4 15 1 0.58025 1
4 16 1 0.58025 1
4 17 1 0.58025 0
4 18 1 0.58025 1
4 19 1 0.58025 1
5 1 1 0.56180 1
5 2 1 0.56180 1
5 3 1 0.56180 0
5 4 1 0.56180 1
5 5 1 0.56180 0
5 6 1 0.56180 0
5 7 1 0.56180 0
5 8 1 0.56180 0
5 9 1 0.56180 1
5 10 1 0.56180 1
5 11 1 0.56180 1
